-32.662465 ,1004.791743 ,22.660020
-32.662465 ,1004.791743 ,22.660020
-32.662465 ,1004.791743 ,22.660020
-32.640854 ,1006.928352 ,22.683107
-30.556106 ,1004.813355 ,22.571607
-222.595861 ,979.768863 ,18.654504
-238.748232 ,976.878667 ,13.442552
-353.015271 ,938.751619 ,6.756145
-391.924465 ,924.411902 ,2.373424
-472.583571 ,886.119574 ,-3.125229
-515.735934 ,859.962199 ,-10.066232
-561.653375 ,831.670060 ,-13.659642
-561.674987 ,829.533452 ,-13.682729
-566.330794 ,826.785206 ,-16.772822
-644.479250 ,767.664871 ,-25.215217
-690.488048 ,728.149764 ,-29.581866
-764.134924 ,645.575358 ,-38.477144
-782.687377 ,622.388855 ,-41.211878
-837.965007 ,542.697398 ,-48.243779
-868.273854 ,495.872020 ,-52.702295
-928.742178 ,360.551252 ,-63.395686
-933.511937 ,348.728191 ,-65.931865
-951.916495 ,290.298818 ,-68.417601
-973.647589 ,213.135929 ,-71.624760
-990.767028 ,73.537036 ,-75.076205
-995.900748 ,34.495300 ,-75.298610
-992.158518 ,-74.986129 ,-79.940898
-986.042241 ,-147.026436 ,-81.007418
-948.765701 ,-313.816255 ,-84.449594
-912.826342 ,-413.347597 ,-89.684254
-870.604255 ,-498.879974 ,-89.817828
-839.000954 ,-549.829007 ,-91.720206
-775.626861 ,-635.168354 ,-95.346038
-766.788295 ,-646.293701 ,-95.842998
-700.708070 ,-713.416001 ,-96.122945
-685.072462 ,-729.278480 ,-96.959192
-592.157276 ,-800.404222 ,-99.064609
-562.352369 ,-820.928192 ,-100.549587
-437.514132 ,-891.672412 ,-98.135006
-904.112042 ,-436.758444 ,-90.313963
-567.070066 ,-818.840209 ,-100.327571
-455.759111 ,-882.269861 ,-99.865634
-323.359515 ,-934.243113 ,-97.558488
-243.754517 ,-956.872624 ,-95.303835
-136.739342 ,-978.692803 ,-94.844809
-86.345860 ,-982.952636 ,-93.758498
32.437990 ,-986.492777 ,-93.589505
78.140790 ,-985.993866 ,-92.252320
229.284347 ,-965.701734 ,-93.177667
316.710044 ,-943.920973 ,-90.753408
364.708795 ,-926.847505 ,-89.977747
431.114121 ,-901.009642 ,-86.623186
532.388816 ,-843.782415 ,-78.524386
575.740108 ,-817.676986 ,-77.451677
686.331282 ,-735.281617 ,-72.717524
723.366442 ,-697.994968 ,-67.998208
840.896060 ,-545.537741 ,-60.165072
862.200818 ,-512.715255 ,-58.088996
934.451526 ,-353.905308 ,-61.950534
956.217496 ,-284.249408 ,-62.084342
982.163225 ,-174.517361 ,-64.548126
992.741088 ,-76.699118 ,-67.149927
995.339112 ,-28.069658 ,-66.713116
985.701145 ,155.536742 ,-66.849514
955.131318 ,285.086580 ,-55.644378
912.446488 ,405.408478 ,-46.637117
874.168445 ,481.949665 ,-41.562227
760.665112 ,648.065356 ,-23.200604
676.598802 ,735.376773 ,-13.473400
583.643829 ,811.332972 ,-8.707908
526.645352 ,850.271317 ,-5.871554
406.161830 ,911.524456 ,-0.112531
333.450634 ,941.173954 ,-1.927461
148.343920 ,985.657167 ,-2.751352
93.737228 ,992.016157 ,-2.985718
11.398592 ,995.900240 ,-7.939995
-34.326310 ,995.407101 ,-8.625147
-173.615233 ,979.983485 ,-14.654450
-214.786492 ,969.947320 ,-13.034292
-394.013182 ,912.460389 ,-17.204015
-453.599855 ,884.022003 ,-20.874775
-506.456779 ,855.148560 ,-21.578485
-588.879353 ,798.678849 ,-27.207066
-678.841674 ,725.574780 ,-32.705125
-771.013988 ,622.484632 ,-44.306278
-936.084912 ,311.339013 ,-63.639340
-976.518215 ,148.510762 ,-68.974559
-985.344289 ,-58.305229 ,-74.181024
-957.085589 ,-251.412299 ,-83.398552
-800.078978 ,-591.191181 ,-104.890588
-637.017706 ,-763.633685 ,-113.690460
-375.122586 ,-914.130391 ,-115.336082
-247.897531 ,-954.934705 ,-112.034666
128.454698 ,-980.592786 ,-85.845858
231.452638 ,-963.411134 ,-78.920379
499.768782 ,-864.868895 ,-68.924763
628.285621 ,-780.153219 ,-64.919033
822.980222 ,-566.605320 ,-65.506952
911.537040 ,-400.660817 ,-67.370527
978.072807 ,-153.705563 ,-61.538074
985.791778 ,-58.533150 ,-58.189924
954.615088 ,271.296742 ,-44.709888
895.763636 ,426.757140 ,-28.768203
751.120226 ,655.090636 ,-3.188840
633.111439 ,772.503311 ,8.956091
421.403017 ,904.869542 ,13.494058
316.799221 ,945.911952 ,9.894237
29.740824 ,996.112428 ,-6.105476
-79.879298 ,992.191256 ,-15.207451
-338.201584 ,935.921205 ,-27.753091
-393.505300 ,914.470020 ,-31.525645
-478.508760 ,871.884338 ,-34.285515
-620.951718 ,774.771544 ,-34.589149
-708.960928 ,695.302347 ,-37.636750
-877.625695 ,456.252909 ,-52.753646
-943.071055 ,297.380819 ,-63.502063
-988.922953 ,36.673288 ,-78.823028
-983.499717 ,-121.411694 ,-86.035051
-809.358133 ,-586.377542 ,-93.378335
-453.064764 ,-884.936694 ,-102.613138
208.615216 ,-968.020198 ,-89.078566
507.232356 ,-860.675504 ,-86.118779
991.013850 ,69.781629 ,-48.505120
848.319407 ,521.471542 ,-11.384734
-342.895703 ,931.576275 ,-30.208466
-854.848248 ,498.224136 ,-44.777468
-883.480235 ,-464.421763 ,-102.560670
-641.474543 ,-759.328659 ,-104.991037
330.560030 ,-936.859606 ,-93.861190
741.755778 ,-669.553149 ,-74.312110
990.073746 ,-23.160851 ,-49.509395
954.066928 ,276.259948 ,-27.053063
597.393126 ,799.675926 ,-14.625829
253.561198 ,968.019333 ,-9.982131
-364.343357 ,926.783288 ,-3.969116
-950.277739 ,281.337961 ,-57.519579
-8.636017 ,-986.914203 ,-91.865455
539.433413 ,-843.764123 ,-84.680021
948.940575 ,-307.236244 ,-56.176890
982.993088 ,152.994434 ,-49.837113
463.832242 ,882.050786 ,-19.797841
397.284910 ,913.947901 ,-16.638662
308.642417 ,947.754703 ,-12.528062
-258.829416 ,964.766542 ,-2.775248
-823.907744 ,561.487026 ,-53.832714
-988.123324 ,115.727811 ,-77.968818
62.453611 ,-986.184811 ,-94.849387
847.927393 ,-535.875851 ,-62.956653
-146.229617 ,991.510490 ,-12.422448
-963.665515 ,234.524236 ,-80.268173
693.268799 ,-726.130792 ,-72.906747
943.570402 ,324.593097 ,-43.646448
-991.869219 ,-35.430010 ,-76.253630
-641.499591 ,-770.568942 ,-107.720373
965.532999 ,257.522247 ,-45.324119
726.372420 ,687.362635 ,-7.644107
994.188077 ,94.838764 ,-56.820790
900.462900 ,-435.724669 ,-92.688687
684.979868 ,-726.395792 ,-92.091970
-459.622598 ,-887.224344 ,-111.477340
-820.836522 ,-593.486558 ,-98.183357
-840.424085 ,579.578829 ,-41.866723
-630.431323 ,803.059390 ,-25.408968
-43.376577 ,1014.085610 ,0.429040
307.721939 ,961.919701 ,18.919566
987.790850 ,139.103158 ,-56.054399
972.891448 ,-225.939765 ,-70.594747
557.636593 ,-822.771576 ,-87.814564
-190.900042 ,-965.487953 ,-106.088697
-814.305210 ,-596.012049 ,-90.023133
-1007.914469 ,-40.347521 ,-69.774187
-459.877231 ,911.652646 ,-28.763729
-173.404520 ,1000.815421 ,-14.429355
-564.504741 ,786.105082 ,-144.909900
-829.340994 ,-490.546664 ,-218.413287
923.990514 ,-301.904633 ,-202.201340
977.757872 ,-31.766080 ,-215.753259
953.960205 ,-113.781037 ,-221.532081
933.281287 ,246.264164 ,-244.612637
890.790721 ,-353.938450 ,-246.960995
133.979608 ,958.127587 ,-191.907851
-680.274672 ,658.180839 ,-274.285573
-509.334082 ,-776.317188 ,-362.695049
-326.736554 ,899.259075 ,-252.604286
913.132631 ,282.334258 ,-305.859081
899.991413 ,316.861729 ,-310.777531
951.521407 ,-30.918624 ,-325.315830
257.591014 ,926.192118 ,-265.177151
-498.098379 ,-778.392281 ,-369.050596
21.495552 ,-905.697109 ,-411.880911
323.122024 ,-851.551260 ,-390.114140
-905.948239 ,279.051486 ,-356.935177
947.894623 ,-15.190868 ,-352.981151
312.127469 ,912.889149 ,-265.017817
456.252927 ,-798.888033 ,-392.521933
817.766948 ,-467.381634 ,-361.046218
-512.853733 ,822.540179 ,-307.480908
-932.148437 ,139.251451 ,-371.725352
946.296609 ,129.256793 ,-323.296981
148.787231 ,952.584871 ,-288.946889
769.281936 ,564.409713 ,-302.495815
794.467386 ,527.203367 ,-312.437210
440.619330 ,848.867739 ,-290.676120
-420.508508 ,846.321850 ,-325.423399
-756.964800 ,552.621278 ,-339.951168
-920.794798 ,88.016673 ,-381.242128
-878.366145 ,-283.381313 ,-398.266757
-723.328373 ,-572.339230 ,-408.037516
-311.950844 ,-855.816622 ,-409.004798
-293.084418 ,-959.281203 ,-67.864157
-28.555431 ,-1000.639188 ,-51.467920
664.581066 ,-769.987126 ,-46.801388
979.025394 ,-230.503747 ,-51.373056
993.424510 ,-160.389335 ,-51.191648
455.225683 ,898.507251 ,37.389486
-37.423385 ,1002.606509 ,22.835862
-431.191730 ,905.345620 ,7.067214
-585.587112 ,812.887070 ,4.063736
-996.838413 ,27.242266 ,-49.950143
-960.727911 ,-283.309522 ,-63.421327
-559.101831 ,-834.415449 ,-61.124592
-272.286555 ,-956.853446 ,-60.248774
439.470387 ,-897.941501 ,-53.086491
683.252874 ,-737.191654 ,-44.614797
998.292481 ,-22.734612 ,-12.741395
892.474506 ,452.215841 ,13.973597
213.651461 ,979.647908 ,23.078047
-413.553406 ,907.740959 ,14.815216
-804.526498 ,589.848813 ,-12.012493
-989.578698 ,125.212417 ,-32.228418
-472.772973 ,-879.972124 ,-62.665626
59.065225 ,-992.976882 ,-74.600893
849.512653 ,-545.215393 ,-35.133658
996.150277 ,-83.265484 ,-30.258030
457.814876 ,889.298211 ,20.250107
220.051137 ,972.872286 ,33.800227
-154.732533 ,989.730749 ,36.092218
-154.732533 ,989.730749 ,36.092218
-154.732533 ,989.730749 ,36.092218
-154.732533 ,989.730749 ,36.092218
-154.754145 ,987.594140 ,36.069131
-154.732533 ,989.730749 ,36.092218
-154.732533 ,989.730749 ,36.092218
